eye 50 70 220
look 50 40 50
up 0 1 0
d 100
bounds -50 -37.5 50 37.5
res 1024 768

sphere 10001 40.8   81.6  10000    0 0 0       0.75 0.25 0.25  0    # left
sphere -9901 40.8   81.6  10000    0 0 0       0.25 0.25 0.75  0    # right
sphere    50 40.8   10000 10000    0 0 0       0.75 0.75 0.75  0    # back
sphere    50 40.8   -9870 10000    0 0 0       0    0    0     0    # front
sphere    50 10000  81.6  10000    0 0 0       0.75 0.75 0.75  0    # bottom
sphere    50 -9909.4 81.6  10000    0 0 0       0.75 0.75 0.75  0    # top

sphere    27 16.5 47  16.5    0 0 0       0.999 0.999 0.999  1  # mirror
sphere    73 16.5 78  16.5    0 0 0       0.999 0.999 0.999  2  # glass

sphere    50 95 50  10    12 12 12       0 0 0     0  # light